-103-’

different 331331 31 3133 3313331133 3333 1333311131 ainsi 333 3333
13 31331333 33 13 31331333 333 13 31133133 31 13 3331331333, 31
333333333131331 333 133 33313333333 33 3333331 331133133 333
classes 31 3133333133 3333 1331 13 333333 33313 3331133113 Cour
doivent 31133333 313313 333313111333313311333, 31 ceux-oi 3333
restreignent 3133 33331133331 33133331331 chacun 3 1311131331
131 313133 333331333.

11 n'est 333 313133 3313331 333 133 133133313113333, 131333331333,
13 31113113 3113 33331333 33333113331313 3331333331 depuis 30 333
environ 333 333113 33333113113 3133131113 33 1333331133 33311333,
313311 331 333 331313 31 33 3333111333 331 n'en 13333 usage 33
331 n'en 331133 333 333313333 3333 nombre: il 331111 33133 33
333333133 333 313313 3333331333 333113 3111113 333 33133333, 3331
133 prognes 11333331 33 prodige, 3331333 3333331331 13333133 33
13 3331313, 313 3331331133 333 3313 31 31311333, 3331331 31133 3333,
3331-33133 3333333 3111333 3331313333, 33 1333313313333, 33
13131333... 313, 31331, 31 13 33331 3311333313 31133, 3331313 33
1333333, 33333311 bien ne point 133333 3 13 31333133 333 premieres
311133 33 33333133 3333 13 3333131133 31333313133333 33 3331-
313333 1331 131331333 3331133333. ’

1133333 333 33331333311333 31 plusieurs 331333 3311 3333111333
long de 333333133 131, 3333 33333333133 33333333 d'une 33313
333 33313333333 33 philosophie 13 13311113 33 33 333333 3133 pro·
13333 3113333 3333 1333 333113, 31 33 133133, 3331331 3131133 13
13333333 33 1333 133 31313 etde 133133 133 3333111333 3 333133 33
33111333 d’une 31331333 31113 31331313 133 313133133113333 31 13
33331333, 33313331313 3333331 iet 3 Ι333333 333333311333 333313
33333331333333, suivant 13 1133313 333 3313313 3113 3333 333
3333313 331 333113331 toujours de 313333 plus 13 333333113 3113
prinde 333 3333313333333, 3333 33333 delibero 313333131311311131 ¹
3333133 333 31311113 Bellegueule‚ 31333 3331333333 33 logique,
31 Μ. 1311113 11333333, 3331333333 33 33331333, 33313331331 fines
33333333313 1333 313333, 31331 3311313 333133311333 3331333313
1333131333. 1133313 33 33133 333 13333311 31131333 33 philosophie
resteraient 33333333 3 1333111331333 131133331133 n'aurait plus
1133.

 

